23.59 8.67
-45.29 14.68
39.44 38.09
-48.49 4.63
38.47 43.81
23.80 46.41
12.31 47.07
-13.09 -19.11
-8.82 -40.48
-43.35 23.52
19.41 8.60
-28.40 5.96
36.95 41.62
-46.19 -3.00
42.32 49.32
22.40 40.14
15.33 36.75
-18.80 -26.33
-39.99 -23.03
-55.31 36.08
28.07 13.35
-21.99 13.00
56.83 22.10
-45.98 -4.22
48.42 49.12
17.00 64.54
12.30 42.94
-21.83 -14.05
-45.06 -40.39
-42.72 24.18
34.66 10.56
-37.44 -2.00
43.29 42.61
-53.47 4.25
48.97 51.33
20.77 47.33
9.25 33.86
-10.74 -20.07
-33.83 -31.14
-58.62 17.16
9.03 -2.07
-22.96 2.58
52.31 32.40
-46.40 -9.13
38.00 50.85
8.13 33.37
21.36 43.83
-17.76 -24.24
-35.09 -36.90
-50.13 29.90
26.80 -3.31
-39.66 1.48
55.33 34.97
-43.61 5.08
38.04 53.61
33.67 53.76
9.49 48.51
-12.21 -19.58
-42.14 -14.66
-42.94 28.87
25.94 5.03
-33.96 -6.63
34.19 30.17
-41.67 0.32
46.35 44.51
9.70 47.43
4.90 46.39
-6.09 -16.00
-31.32 -29.33
-51.72 18.04
20.87 4.95
-20.57 -0.40
53.14 31.26
-47.76 -11.84
48.83 49.55
24.25 58.84
31.81 38.13
-9.00 -11.70
-48.05 -21.07
-44.70 30.49
18.48 19.55
-36.04 6.07
46.60 32.42
-40.04 8.54
42.47 46.84
9.61 37.91
13.49 38.92
-8.95 -20.88
-31.92 -24.57
-39.55 28.57
27.71 -1.83
-20.29 -2.54
52.05 37.11
-54.51 12.15
56.60 25.41
17.71 56.24
20.02 48.29
-26.25 -12.50
-40.33 -24.65
-52.26 22.86
16.07 8.62
-36.78 12.66
45.82 32.91
-40.36 2.80
48.11 45.47
25.98 47.63
16.59 48.25
-4.42 -31.77
-38.19 -23.87
-45.20 17.75
24.07 20.34
-32.94 0.84
60.06 30.36
-66.04 0.58
50.44 38.72
22.70 43.90
17.93 52.14
-28.97 -23.24
-30.00 -31.60
-41.97 18.78
39.93 -10.48
-27.10 -1.66
42.94 45.18
-35.03 13.72
34.19 35.66
19.59 47.03
24.55 53.83
-9.08 -12.94
-39.85 -15.06
-63.01 26.05
11.15 10.01
-42.74 -0.57
53.38 46.29
-48.47 -11.78
49.57 36.63
14.80 45.03
9.33 40.41
-24.03 -13.18
-44.58 -35.95
-40.65 19.82
25.28 11.47
-34.34 -9.53
54.31 42.35
-49.50 3.24
36.55 38.32
6.85 50.06
19.54 42.15
-12.39 -10.56
-30.81 -24.04
-48.83 21.39
10.48 20.55
-23.68 18.26
40.70 40.05
-37.46 -0.67
44.45 38.83
27.96 57.00
10.68 43.73
-21.45 -13.94
-41.08 -41.59
-29.66 31.50
21.94 7.29
-15.67 -7.98
51.26 20.19
-46.76 11.50
47.53 34.56
17.83 43.70
1.03 54.55
-16.26 -12.75
-47.12 -22.57
-47.75 31.68
29.19 3.29
-38.97 -5.73
50.67 37.63
-39.77 0.16
42.78 42.37
17.19 52.46
23.98 39.66
-33.09 -16.15
-23.66 -20.52
-42.76 6.37
20.16 9.62
-21.56 5.76
45.20 35.02
-64.73 3.19
51.91 41.75
32.76 59.39
10.06 47.94
-11.26 -17.61
-49.70 -11.70
-53.38 31.46
34.50 -6.70
-33.30 -4.56
48.98 36.26
-51.67 15.09
42.32 29.67
30.87 66.17
10.12 49.73
-22.56 -21.18
-44.94 -23.26
-46.28 36.76
26.07 5.59
-32.62 -3.87
52.34 49.74
-47.28 20.06
32.48 38.25
18.03 41.04
8.34 51.91
-13.47 -20.97
-32.14 -23.77
-51.20 12.64
22.49 12.09
-27.74 -9.57
54.23 32.80
-49.86 10.55
49.97 59.41
0.53 43.13
10.64 37.11
-26.13 -13.82
-28.05 -18.39
-38.93 28.43
24.45 11.56
-24.47 13.27
44.04 38.68
-64.86 3.00
42.00 43.94
18.01 44.30
25.52 54.65
-22.07 -23.85
-36.84 -42.86
-52.26 17.65
32.11 -4.53
-17.78 3.72
43.54 44.45
-48.13 2.66
52.48 39.63
31.49 37.45
25.53 33.17
-28.93 -3.72
-26.09 -35.78
-40.36 9.42
28.77 6.77
-40.94 9.80
41.56 37.92
-38.44 0.04
52.47 44.32
30.55 50.78
21.01 35.89
-7.87 -17.31
-50.13 -32.00
-33.68 27.91
32.28 -0.55
-17.43 0.59
45.78 46.71
-47.28 -9.38
47.88 52.18
19.41 42.12
19.59 45.38
-12.46 -11.63
-25.13 -19.20
-39.36 15.00
29.02 4.34
-44.03 -1.41
59.34 48.40
-42.15 5.01
39.57 29.94
18.83 29.32
21.12 44.94
-0.48 -28.84
-50.93 -26.88
-48.80 23.10
42.91 9.09
-37.43 -6.50
42.58 39.07
-56.43 -3.02
49.65 28.51
6.38 43.10
15.70 50.23
-4.10 -29.41
-32.47 -23.83
-49.15 33.24
33.14 1.61
-34.23 -0.16
40.25 28.83
-41.80 4.46
61.27 40.69
17.21 44.53
19.39 42.30
-19.74 -10.39
-26.20 -19.09
-53.29 37.90
23.94 15.14
-21.85 -5.47
52.83 30.60
-46.02 -2.01
51.07 38.77
18.44 44.50
25.14 34.78
-25.57 -13.52
-23.82 -27.88
-49.18 11.08
29.07 -0.96
-39.71 7.70
43.93 41.57
-56.00 4.58
46.17 38.04
13.32 50.96
8.58 56.28
-10.77 -4.15
-47.07 -24.71
-39.92 5.36
35.17 4.56
-37.49 -3.19
40.09 44.05
-41.85 -2.04
39.59 40.34
34.73 34.57
7.35 61.19
-31.81 -15.79
-56.54 -18.39
-45.11 28.30
23.60 5.69
-24.24 9.30
37.36 40.14
-45.80 0.80
55.59 39.85
21.92 44.76
2.63 57.21
-13.69 -12.44
-22.96 -28.83
-42.45 23.07
35.85 17.03
-34.31 -6.54
29.35 42.33
-48.61 -0.63
54.41 39.86
21.31 48.75
13.99 44.12
-5.51 -13.95
-40.92 -27.22
-43.45 23.00
25.11 12.01
-44.30 3.68
42.75 42.87
-45.55 4.07
41.85 39.71
8.17 52.31
-0.90 39.75
-9.23 -28.30
-53.60 -33.23
-25.36 14.97
2.19 5.19
-26.42 9.24
46.81 41.61
-45.58 13.17
44.53 49.64
12.69 32.62
26.38 33.13
-18.36 -9.74
-32.03 -22.56
-42.40 29.63
20.36 0.37
-30.94 5.54
46.33 40.71
-60.63 2.22
51.71 45.05
20.21 37.53
31.95 52.25
-10.90 -10.64
-37.43 -30.13
-36.09 5.76
19.48 30.51
-27.88 8.52
53.37 27.05
-59.56 2.61
45.81 31.32
18.47 45.90
4.82 45.62
-10.25 -4.45
-46.13 -35.95
-35.36 20.57
20.17 5.13
-32.02 -0.50
38.32 33.40
-47.94 8.59
50.98 48.47
22.47 55.07
24.79 34.42
-20.07 -12.62
-40.43 -38.12
-47.30 18.51
15.00 22.52
-29.97 8.76
47.97 36.19
-43.03 1.93
42.15 35.97
-0.33 47.59
20.94 33.84
-20.58 -14.29
-39.61 -27.12
-43.73 6.24
29.93 -0.13
-51.43 9.15
47.93 46.66
-43.53 12.13
58.45 51.47
22.67 48.73
14.48 56.28
-22.44 -27.65
-37.03 -31.41
-44.63 19.90
32.28 -2.95
-36.01 -0.95
46.27 35.93
-36.67 -5.50
58.89 34.84
14.72 37.03
7.52 48.66
-20.36 -14.97
-36.88 -29.50
-46.67 27.12
20.56 3.53
-35.39 15.31
39.18 50.39
-41.27 9.82
57.13 49.25
26.26 53.76
29.37 46.46
-17.74 -13.91
-34.84 -19.00
-54.94 20.58
18.53 2.95
-36.29 -14.65
61.06 36.10
-45.46 11.45
36.50 44.53
19.62 48.31
8.15 46.41
-19.88 -24.01
-33.43 -26.50
-41.90 29.20
23.19 22.39
-22.35 7.86
54.19 31.59
-46.41 12.46
31.33 62.37
16.43 38.56
4.40 50.09
-13.36 -8.00
-25.18 -23.82
-58.90 13.07
20.18 3.44
-28.72 14.24
33.79 37.95
-48.95 -5.61
35.48 50.98
31.52 42.18
12.63 34.59
-30.76 -3.16
-19.38 -19.58
-54.67 35.17
38.72 21.77
-42.59 14.47
46.13 35.87
-42.39 -5.41
49.94 34.46
32.84 46.21
5.63 45.92
-10.66 -18.72
-40.14 -37.67
-42.74 9.05
29.84 -7.97
-26.18 5.10
61.08 26.24
-71.20 5.50
40.64 51.04
23.95 52.58
20.57 51.00
-15.13 -28.83
-45.56 -15.63
-42.59 29.36
26.01 4.05
-24.50 -4.30
42.67 48.68
-52.15 0.20
42.13 29.08
10.71 51.75
13.83 64.45
-15.38 -11.94
-35.21 -35.17
-52.55 22.66
27.00 1.70
-26.06 -5.22
46.96 40.38
-50.04 2.96
37.96 63.12
17.06 42.89
22.79 37.03
-23.07 -22.24
-26.33 -31.88
-50.97 23.63
